603208
000425
600307
002839
600888
603177
300603
000737
603881
000672
000905
002807
600217
300599
603022
002843
603637
603638
300597
603966
300578
300589
002847
000880
603040
600819
300602
600720
002824
603089
300605
603393
300607
603677
603429
600449
300596
300592
300493
002845
002514
300593
603360
002307
002842
000877
300598
300311
300600
002846
603626
002700
000789
300606
603690
600127
300601
600425
600331
601008
600231
600569
000885
600815
000655
000825
300393
300103
600767
600801
601881
002342
300176
603186
600256
000065
603268
002841
002110
000615
600858
600068
000755
600802
601800
300360
000498
000983
601003
000629
600136
000761
600782
603158
600760
000012
002051
002595
600545
600309
600326
600908
600022
600507
002299
603800
000637
002205
600368
000401
600509
600281
002377
601969
600293
002208
002304
000546
600575
000585
600808
000937
600970
600117
601699
600502
002656
601117
002233
600603
000688
002469
603969
600251
600409
600169
600617
600595
000836
000972
601992
600075
000528
601128
000157
600586
603601
600984
600691
002202
002127
600614
002040
601880
601668
002072
000708
300042
000928
600724
000898
000548
000039
600106
000721
300328
000557
600282
600714
600126
600740
000060
600089
300135
002310
000700
600350
002800
002177
601766
600193
600881
600496
002805
603323
600202
000778
600139
603636
600039
600320
601186
600348
601669
601015
601118
600961
601636
600966
000552
000018
601608
603559
002544
601137
002120
002504
300124
002114
000709
600188
000971
600789
601666
600883
000932
600362
600283
000751
600853
002756
600909
603126
600668
601919
002442
000959
300153
002102
600428
600897
600774
600761
002225
000400
002613
002635
600583
000420
600129
002302
600302
601908
601009
603037
000862
600783
300304
300284
002295
600889
002738
002619
600084
600295
000859
300404
600926
600608
600297
002622
601001
603703
000680
600844
601965
000780
600165
600010
601179
000960
002729
002523
600035
600114
600317
600012
601898
000610
600660
002631
600419
300077
002173
000752
000612
300228
000938
002128
002386
600997
600971
000596
000951
600477
002628
000426
002599
600546
603167
600487
600116
000856
600426
600131
600497
000088
600395
300302
000630
603816
600175
600279
000949
300418
600764
601989
600919
601107
300054
000016
600798
600755
600176
603318
600023
300154
002036
603036
603333
600058
002204
000100
002271
601126
000592
000691
600508
603997
600311
601000
002445
300313
601225
002028
600031
600338
000906
300471
600183
600717
600308
600399
000683
300057
601101
600071
000923
600098
000404
600249
002705
002172
300185
300233
000758
002449
002121
601872
000722
000581
600675
601958
600207
601018
601390
002021
600885
600269
603002
600986
000878
000043
600382
000720
002457
002325
600166
002484
002278
600468
000762
600644
000589
603718
002272
002565
601229
002047
002142
000692
002375
600170
002143
601600
600731
601933
600015
300097
002165
600898
002617
600155
000338
603369
002291
300013
000301
000651
002095
600995
000779
002134
300385
300221
000517
000695
600653
600766
000858
002752
600540
002610
600123
600020
600587
002401
000571
601918
000701
600210
000619
600078
300268
300070
300132
600108
603227
600232
002026
000037
000897
000725
002472
600029
600017
000921
000718
601866
600780
002742
300095
603993
600820
600096
002054
300217
603066
600335
601611
600810
600505
000623
600711
601011
600219
002465
600190
000882
000863
002186
601058
002452
002785
600500
000777
300191
600077
002781
002378
600233
300133
002673
600415
002541
000835
600033
603589
300093
000507
000429
000657
300448
000728
601106
002516
002363
002244
600512
600132
300407
002135
601808
600052
601258
002676
002303
000900
300235
600525
600792
600390
601020
600558
000717
600581
600028
002331
600340
000792
600312
300023
002066
601369
600800
600322
601088
600585
600704
600498
300128
600196
600290
000151
600115
601997
000415
000411
000419
600686
601010
600026
000753
600030
300138
000022
002411
600397
000534
002776
600776
600863
002097
601111
300117
002827
600403
002714
600795
600467
002031
002326
601139
600036
000797
600573
002060
002500
002524
002655
600729
300375
600163
601188
600401
300089
600693
000776
601886
600697
300291
002409
002116
601988
002033
603018
002636
002320
300287
603038
600011
002117
002337
600635
000078
600854
002133
000667
002503
000800
603032
600057
002564
600739
300108
000767
000665
002374
601991
600665
601226
603101
600121
601799
002671
002062
002614
000967
000968
300083
002677
000926
600157
002531
002203
000671
603520
002367
000733
600220
601939
601985
601588
600578
600794
002140
000839
600493
000158
600758
002015
000955
002727
600839
600811
600825
601211
002423
002065
600712
603017
000593
600708
600363
000028
002736
600727
300112
600743
600642
000409
002731
000962
600061
000875
600787
600252
300021
300497
300363
002267
603689
601288
000978
000089
603616
000540
600506
603979
600063
002109
601901
300038
002497
002646
600726
000059
600270
000852
300141
002840
300009
002130
000599
601618
002434
000686
000008
600824
002505
002762
600159
600456
600834
002024
300374
603699
600248
601002
601388
002470
601555
600461
000652
600738
600329
600090
002466
002139
600871
600511
300560
600203
600433
002323
600162
002398
601233
603338
601377
600532
002418
601788
600499
002663
002029
600345
601818
600462
600099
002658
600004
002498
601929
000564
600488
601007
600705
002219
600008
600983
002640
000166
600436
600746
000816
002510
600527
600900
601518
600778
000933
000750
300440
300267
300152
002290
600510
600337
002100
601688
600360
601398
600601
600886
002160
601789
600369
600873
000735
002187
000010
002268
600594
002118
600565
601166
300052
600703
002012
002002
002477
002447
000726
000813
002603
603288
600192
600744
000063
600085
600027
002305
600448
600396
002444
000783
600195
600237
600112
002540
601208
000620
600560
002653
000809
300046
600482
002393
600582
600018
601218
601801
603799
600880
000036
600104
600000
600999
600259
600749
603939
000545
002324
000421
002124
600376
600895
600830
000952
300129
600737
000333
601328
600432
600887
600138
002351
600555
300094
002170
300387
600438
600695
600111
603001
300173
600611
600622
600284
002573
600517
000723
603729
600784
600643
600773
600266
600221
002318
600866
600074
300229
300081
002159
300334
002689
300061
601006
002003
601678
002572
000035
600549
600567
600339
002489
000786
600261
601677
000811
600490
600640
002712
603306
000627
603020
600101
300498
600305
002758
601877
600837
600133
601318
601238
600429
603015
603568
600332
600684
002778
600289
600616
000895
300322
002313
600597
600377
603300
600561
600674
600975
300476
000917
002091
600100
600083
000001
600199
600177
000861
002238
600718
603100
600234
002753
002163
600408
600287
002750
600186
002228
300274
000616
002073
002050
600218
600153
002440
600533
002770
000539
002381
002387
300204
600459
000598
600185
601368
000966
000061
600328
002501
000850
300280
300160
002005
000430
000488
000040
600812
002256
002455
600370
600021
600831
600688
000005
000965
000702
000027
002181
601607
601012
600823
600550
002743
600082
601158
002286
300106
300059
600222
300293
000668
000509
002146
601857
002394
603322
000582
600785
600064
300206
600518
000417
002511
600683
300105
000707
000600
002468
000570
000766
600273
002210
000021
600327
002538
600706
000544
601169
600690
603688
600864
600410
002262
002352
002344
603123
000530
002475
002192
002183
000713
000685
002588
600769
002090
601567
600062
600216
300211
300305
601021
600109
002534
300290
002682
603901
300192
002792
002277
002372
000603
603599
002039
002543
600060
002217
002201
002281
002234
300298
600588
600817
000910
600638
300049
002438
300031
300278
600148
002717
601601
002188
002370
300260
002732
600793
002694
603986
603838
603778
603558
603555
603399
603308
603169
603117
603111
603108
603010
601999
601998
601928
601727
601700
601566
601558
601519
601339
601333
601222
601168
601113
601099
601028
601005
600982
600979
600973
600958
600892
600890
600884
600876
600875
600867
600859
600855
600851
600807
600806
600797
600768
600757
600747
600736
600735
600734
600733
600725
600696
600681
600678
600673
600657
600655
600654
600649
600645
600636
600633
600606
600602
600590
600577
600576
600559
600556
600552
600551
600548
600485
600470
600469
600446
600423
600406
600400
600387
600375
600361
600359
600346
600323
600310
600242
600239
600225
600223
600212
600208
600179
600173
600171
600161
600152
600151
600146
600145
600143
600095
600067
600019
600006
600005
300535
300526
300518
300513
300490
300486
300479
300469
300467
300462
300449
300428
300420
300411
300408
300392
300367
300319
300315
300310
300309
300307
300276
300271
300266
300223
300213
300212
300209
300208
300201
300189
300182
300175
300157
300150
300149
300148
300134
300123
300115
300088
300076
300068
300065
300051
300028
300017
002813
002812
002809
002806
002803
002795
002761
002745
002740
002735
002724
002711
002706
002696
002692
002685
002681
002675
002670
002664
002652
002641
002638
002629
002584
002579
002578
002576
002575
002571
002526
002509
002492
002464
002443
002426
002420
002417
002403
002400
002396
002392
002385
002383
002379
002360
002357
002347
002346
002335
002316
002314
002296
002282
002275
002274
002260
002242
002226
002218
002212
002194
002168
002162
002132
002129
002115
002113
002092
002082
002075
002067
002061
002025
002011
000982
000981
000979
000935
000930
000916
000912
000903
000887
000883
000831
000829
000821
000807
000729
000727
000716
000711
000697
000693
000690
000682
000673
000635
000601
000586
000584
000560
000558
000516
000413
000153
000069
000050
000048
000042
000029
000007
300558
300536
600535
000403
603885
002728
002252
600835
300210
002451
000799
603199
603188
600563
601100
000663
600278
002797
603315
300258
600093
002460
002293
002298
600598
600418
000939
300174
000666
000888
002008
002687
300355
300142
600229
300444
600073
600882
000860
000023
002369
300039
600723
002321
300283
600478
000009
300011
002586
002407
600516
000423
600016
002424
603311
002404
600759
002580
002674
000732
002612
300067
000669
002546
000876
600054
000068
601858
600333
000520
300255
600336
002542
600829
600663
002491
000639
000973
601900
000543
002241
600530
600378
002285
002535
600790
600716
000987
600056
000650
600648
000989
000788
002550
002587
600050
002027
000893
600066
000677
600529
002527
002570
002044
000705
601616
600383
300294
002049
000502
002558
601689
002336
600292
300122
000830
300146
300003
002739
300273
601311
600483
600240
002069
002480
002693
603889
002147
000969
002259
600168
002661
002064
600861
603377
002311
002408
300110
002154
600393
000703
002390
603366
002496
002463
601198
002149
000631
002606
000833
000513
002088
600048
600125
000062
002198
300167
300232
000537
603806
601216
600846
002258
600870
000963
600255
000869
300092
600664
300180
300286
002035
000156
300282
600847
600268
600531
002048
002376
600728
600981
001979
300297
002366
002332
603198
002334
600828
300082
600874
000739
600094
300492
600987
600791
603883
000995
300140
600748
300316
601515
300351
601199
600637
300102
600137
300183
300289
600213
601177
002623
002718
000613
000524
600570
002644
002009
300107
000999
603633
300464
600978
002270
002030
002083
600070
600257
300012
600613
300096
600557
002775
002093
002668
002279
600055
600371
603000
300495
000541
300193
600422
002441
002487
002001
002197
002820
002077
600420
002145
000731
002630
600682
002585
002126
000418
300002
601968
600037
601375
002672
600528
300246
600730
000656
002471
600676
600246
002038
601313
002138
002096
600200
002760
600580
600936
002350
002112
603005
600589
002019
603696
000678
600439
600593
600754
600235
603818
300248
300026
000056
300475
002085
002010
600893
601628
600977
000892
300111
000625
600629
600088
600605
002715
600187
002688
002493
600367
300118
002649
300125
000990
603859
002180
600827
600086
600562
000806
300137
300020
000929
002339
603828
300188
002634
601633
600969
300354
600694
603968
000976
002695
600771
600105
002041
300109
300263
002551
300390
603099
002650
002593
002399
300254
600291
002171
000521
600009
000782
000090
002182
603027
000014
000890
603988
000531
300126
300195
300181
002592
603887
601163
300198
002665
000970
000529
002737
601155
600845
002175
600960
600917
601127
000526
300200
002508
603998
600779
600624
002081
002340
300329
600236
600373
600826
002837
600122
000551
002354
600358
300025
600460
300470
603088
002157
600476
002467
600503
002317
000563
300275
600513
601579
600458
002265
300412
600652
300147
000826
000918
002249
300251
000096
300437
600894
600985
002103
000958
600634
002190
002476
600777
002006
000566
002454
002659
300537
300306
600325
600226
002301
603996
300018
000988
002247
000503
603669
002517
603085
300237
603328
600299
002598
600103
002020
000573
600182
600639
002559
600959
002022
600741
600241
300281
002790
002018
002223
600405
300091
300194
300357
002079
300015
601336
000504
300172
601718
002607
600572
002108
603899
600850
300079
000099
002380
600198
603309
002032
002056
603116
002567
000555
300027
300144
300084
300024
600805
600271
002111
002698
002582
000632
002506
000030
002701
002554
000523
300100
000902
600206
000828
600197
000031
600619
600967
600763
600781
600621
600841
300320
002150
300356
300396
000661
000501
603168
300270
300369
603567
600365
600355
300425
300301
600526
600107
300238
002666
002037
600869
300296
002053
000428
603569
300406
300202
002308
300244
002686
000719
002017
000402
002789
600267
300029
600250
600285
002749
002633
002699
000899
601777
000576
002373
600821
000408
600080
000948
002433
002084
000159
000002
002821
300394
300423
300433
002415
000911
600172
300214
600539
601966
600160
603336
601016
603012
300338
603355
002568
000572
000848
002594
002365
300312
600628
600998
603660
600276
601888
603868
002589
600007
000936
002532
300014
300239
002176
600862
000066
600519
600262
002359
300220
002107
002086
002660
300120
000810
002074
600796
002166
600860
000609
300190
002043
002220
002416
000597
300485
002263
600579
300339
603023
002765
002328
600120
002042
300098
300321
600650
002618
002141
002450
300155
002327
600388
603165
000422
603600
002071
002348
300170
002034
600356
002429
000919
300308
600386
300072
300006
603077
603606
002358
300424
002615
002747
000790
603556
600352
002245
601098
300058
000997
002004
002680
603029
600651
002045
002428
600707
002473
002427
002329
002548
600444
600300
600392
002678
002690
601899
600051
300056
300151
002563
000590
300131
000410
000046
002185
300379
300368
600993
600702
600868
002537
300069
000760
002601
600243
000538
300159
603030
002255
002294
002240
002482
603936
600141
300378
300197
300227
300445
300389
601231
002431
002144
600301
300169
002266
002153
002193
603118
300158
000055
600315
300323
300199
300001
000591
002191
300343
002078
002647
000565
000006
601038
002759
002106
002707
603989
600816
600667
002733
002547
601811
000961
002448
300457
300085
600523
300032
300196
002557
002626
601890
300318
002734
002206
600380
600721
300066
002151
002292
002583
300391
600962
002063
000957
002161
000715
000838
600620
600277
300388
002315
002196
300136
002772
300253
300331
002184
002164
600076
300332
300241
002158
600522
002099
603789
600584
600351
000812
603618
600896
600227
002648
600536
300226
600891
300139
002435
300269
002269
002488
603006
002195
000626
002167
600452
300264
002152
001896
300007
000793
600701
002087
000785
002474
002425
300366
002838
600156
603223
002645
600398
002437
000889
000559
600822
600366
000511
002828
000676
300121
600596
300063
603026
002621
600750
002231
002536
300090
600110
002708
002055
002581
002499
300446
002155
000058
002276
000679
300037
002280
300086
002222
300399
603698
002199
300438
002236
300330
000998
002757
002007
300325
300441
603678
603609
000532
603011
603518
300563
002013
000587
600848
600463
000757
300231
600391
300419
300272
002309
600069
002221
300240
000927
600630
002382
300168
600699
000547
600836
600475
600318
300156
600592
002783
002200
002616
600272
300347
600313
002345
600751
002459
600600
600662
000533
002763
002119
002479
600479
000698
002513
600486
002432
002405
300074
300288
600661
300588
002494
603508
300075
002207
300386
601599
300073
002410
600280
300439
300489
300225
002791
600872
002719
002254
000568
002456
300488
600385
002261
300472
300478
300326
300257
002436
002122
300119
002131
300432
603611
002529
600687
600209
300491
600053
002604
002533
002214
000407
002639
002014
603858
000802
600381
300370
600742
002402
002089
600189
000909
300352
300222
300358
001696
002787
000670
000908
002104
600626
600666
000920
300262
300171
000662
600618
300005
002810
002779
300409
300344
300295
603598
600568
603021
300353
300400
300048
600180
300080
601069
600976
300143
603866
600713
002251
600809
600571
300397
002368
300350
300041
300216
300161
300443
002356
603128
300506
300242
600130
600491
300383
000756
000768
002574
300230
300187
300010
300414
300218
300398
600833
002080
000514
000868
603588
002657
603444
300164
603919
600298
002312
300215
600770
603686
600230
000628
600321
600260
002023
000822
300177
000915
300314
000633
603368
600191
000738
600537
002495
300300
600128
000823
002642
600081
600201
300336
603959
600965
300279
002059
600689
300348
600118
300016
600604
000815
000607
600119
300324
600615
600745
300434
002250
300553
000681
002137
300053
300087
000886
002364
000953
300410
002521
002486
600389
000922
300303
300130
300460
300019
603358
002643
300165
002605
603456
300036
300113
000518
603766
002726
002481
300236
002458
300528
002507
300043
300421
603003
603788
603090
600543
300416
603313
300030
002322
002098
002273
300413
600623
000025
002461
600135
002419
600722
002539
002216
300461
300364
000606
002391
300523
300071
000712
603222
300055
600372
002566
000049
002577
002284
600756
300145
603798
300377
603299
002478
600765
300515
601717
300219
002243
002136
300104
600258
000977
002338
002627
300114
300178
600306
002422
600988
300335
002224
300277
002702
600677
000032
600238
002768
002237
000506
002439
002490
600354
603658
300534
300517
000818
603019
000881
002232
002211
603339
601798
002741
002502
002341
000553
600079
002319
300590
300380
300064
002609
300034
300483
600996
603898
002637
002057
600521
600547
000851
603958
000796
600489
002148
000536
300403
603031
600877
300004
603016
002545
000801
300317
603999
300455
002213
300245
002230
002569
002808
300405
002215
603515
600059
002076
000505
600775
300465
002178
300285
002070
300162
600838
603808
002555
000975
000687
300040
002597
002596
603929
002125
603069
002530
600879
600685
002413
002512
600719
300494
300570
600319
002227
600843
000554
300468
002518
603519
002343
300045
603843
300203
002371
300047
300463
002297
002362
300299
300499
300101
000950
600610
002684
600814
603608
002123
002624
002453
600149
002590
000913
002796
300205
300442
300429
600343
002782
002562
002283
600804
300435
002446
600980
300333
000150
600215
002264
000070
300249
300207
002819
600856
000622
603528
300259
000791
600495
002406
002353
002528
300035
000608
300529
300415
300525
002355
300501
600658
002016
300252
300163
603398
300530
002822
002412
603131
603025
000985
600435
002798
300349
002773
600211
300337
600455
300401
000925
002105
600466
600520
002611
603701
002767
300050
300116
000605
603861
600566
300022
002229
600150
000550
000736
603007
002156
600963
600481
002608
600167
002723
002553
002751
002552
300365
002755
300256
600612
002414
600818
002811
300512
002384
603819
600753
000617
600330
002786
300550
300430
603878
603566
002600
002654
600641
002519
000901
300541
002330
000996
002046
300265
603189
000595
002815
300451
603008
300224
000019
002788
600247
300481
600715
000837
000980
000034
002253
300487
002730
601595
600538
300371
002826
002462
603160
002561
300166
002771
002746
002522
300511
002101
002716
002662
002818
000638
000416
000795
600865
300384
002823
600647
600698
000510
002169
300250
002556
600680
600288
002246
300509
300447
300422
000011
300500
603266
601882
000519
600803
300551
600515
603239
600113
603298
300519
002179
000020
603738
300456
002094
300595
002333
300359
002793
000759
300431
002052
603869
300327
002174
300575
300458
000561
000636
300261
002799
300533
603990
600379
002766
002667
002235
603708
002189
000931
603218
600228
300078
002058
300008
600416
000820
300340
002829
002802
300521
601500
002713
300555
002709
300583
002421
000611
300572
603421
600480
000798
300452
300567
603060
600990
603639
300362
603716
603585
300382
603987
000026
300538
002831
300542
300474
300342
002801
300496
002395
002483
300503
300426
300559
300453
300484
300540
000525
300247
002289
603203
002549
002485
600275
603877
600316
603777
002620
603737
603098
002669
603416
002625
002721
300505
000567
603577
002722
603888
002703
300522
300566
002602
000004
002697
002306
002287
600072
300292
300184
300346
300234
000017
300044
603918
002769
600184
600038
300569
603667
603258
000803
603337
603228
002679
000038
002591
300127
603035
002068
300549
600501
300345
300436
300539
300548
300576
300584
002389
300482
002248
300516
300395
300557
300579
300547
300580
603779
300573
300587
603028
002520
002515
603726
300381
603727
300520
300450
300373
300466
603663
002777
300565
300545
603900
300179
603166
002780
002209
603067
603822
000993
002832
603159
600303
002239
600421
300502
600599
002288
300341
002836
300568
603909
300591
600609
300527
603389
300543
300577
603058
603823
002835
603033
600692
603009
000045
300586
002560
603928
002397
002683
603579
603977
002817
300376
300532
600178
000819
600671
300507
300477
300243
300510
600992
002632
002833
002361
300546
300480
002816
603668
300585
600679
600857
603886
300552
002691
600091
300099
600265
300033
300531
300581
600353
603628
300582
601996
300556
300562
601116
002430
603039
002388
002349
300062
000659
300571
300402
000710
300561
002748
002725
300417
300427
300459
300508
002300
002651
600097
002825
300473
002830
603319
600158
603955
603839
603817
603615
603603
603345
603330
603238
601212
600939
600732
600710
300615
300613
300612
300611
300610
300609
300608
300372
002849
002848
000155
000033